0.0000e+00
8.3000e-02
1.1700e-01
1.4400e-01
1.6600e-01
1.8600e-01
2.0300e-01
2.2000e-01
2.3500e-01
2.4900e-01
2.6300e-01
2.7500e-01
2.8800e-01
2.9900e-01
3.1100e-01
3.2200e-01
3.3200e-01
3.4200e-01
3.5200e-01
3.6200e-01
3.7100e-01
3.8100e-01
3.9000e-01
3.9800e-01
4.0700e-01
4.1500e-01
4.2300e-01
4.3200e-01
4.3900e-01
4.4700e-01
4.5500e-01
4.6200e-01
4.7000e-01
4.7700e-01
4.8400e-01
4.9100e-01
4.9800e-01
5.0500e-01
5.1200e-01
5.1900e-01
5.2500e-01
5.3200e-01
5.3800e-01
5.4500e-01
5.5100e-01
5.5700e-01
5.6300e-01
5.6900e-01
5.7500e-01
5.8100e-01
5.8700e-01
5.9300e-01
5.9900e-01
6.0500e-01
6.1000e-01
6.1600e-01
6.2100e-01
6.2700e-01
6.3200e-01
6.3800e-01
6.4300e-01
6.4900e-01
6.5400e-01
6.5900e-01
6.6400e-01
6.7000e-01
6.7500e-01
6.8000e-01
6.8500e-01
6.9000e-01
6.9500e-01
7.0000e-01
7.0500e-01
7.1000e-01
7.1400e-01
7.1900e-01
7.2400e-01
7.2900e-01
7.3300e-01
7.3800e-01
7.4300e-01
7.4700e-01
7.5200e-01
7.5700e-01
7.6100e-01
7.6600e-01
7.7000e-01
7.7500e-01
7.7900e-01
7.8300e-01
7.8800e-01
7.9200e-01
7.9700e-01
8.0100e-01
8.0500e-01
8.0900e-01
8.1400e-01
8.1800e-01
8.2200e-01
8.2600e-01
8.3000e-01
8.3500e-01
8.3900e-01
8.4300e-01
8.4700e-01
8.5100e-01
8.5500e-01
8.5900e-01
8.6300e-01
8.6700e-01
8.7100e-01
8.7500e-01
8.7900e-01
8.8300e-01
8.8700e-01
8.9100e-01
8.9400e-01
8.9800e-01
9.0200e-01
9.0600e-01
9.1000e-01
9.1400e-01
9.1700e-01
9.2100e-01
9.2500e-01
9.2800e-01
9.3200e-01
9.3600e-01
9.4000e-01
9.4300e-01
9.4700e-01
9.5000e-01
9.5400e-01
9.5800e-01
9.6100e-01
9.6500e-01
9.6800e-01
9.7200e-01
9.7600e-01
9.7900e-01
9.8300e-01
9.8600e-01
9.9000e-01
9.9300e-01
9.9700e-01
1.0000e+00
