9.0000e-01
9.2000e-01
9.4000e-01
9.6000e-01
9.8000e-01
1.0000e+00
1.0200e+00
1.0400e+00
1.0600e+00
1.0800e+00
1.1000e+00
1.1200e+00
1.1400e+00
1.1600e+00
1.1800e+00
1.2000e+00
1.2200e+00
1.2400e+00
1.2600e+00
1.2800e+00
1.3000e+00
1.3200e+00
1.3400e+00
1.3600e+00
1.3800e+00
1.4000e+00
1.4200e+00
1.4400e+00
1.4600e+00
1.4800e+00
1.5000e+00
1.5200e+00
1.5400e+00
1.5600e+00
1.5800e+00
1.6000e+00
1.6200e+00
1.6400e+00
1.6600e+00
1.6800e+00
1.7000e+00
1.7200e+00
1.7400e+00
1.7600e+00
1.7800e+00
1.8000e+00
1.8200e+00
1.8400e+00
1.8600e+00
1.8800e+00
1.9000e+00
1.9200e+00
1.9400e+00
1.9600e+00
1.9800e+00
2.0000e+00
2.0200e+00
2.0400e+00
2.0600e+00
2.0800e+00
2.1000e+00
2.1200e+00
2.1400e+00
2.1600e+00
2.1800e+00
2.2000e+00
2.2200e+00
2.2400e+00
2.2600e+00
2.2800e+00
2.3000e+00
2.3200e+00
2.3400e+00
2.3600e+00
2.3800e+00
2.4000e+00
