-1.3000e+00
-1.2800e+00
-1.2600e+00
-1.2400e+00
-1.2200e+00
-1.2000e+00
-1.1800e+00
-1.1600e+00
-1.1400e+00
-1.1200e+00
-1.1000e+00
-1.0800e+00
-1.0600e+00
-1.0400e+00
-1.0200e+00
-1.0000e+00
-9.8000e-01
-9.6000e-01
-9.4000e-01
-9.2000e-01
-9.0000e-01
-8.8000e-01
-8.6000e-01
-8.4000e-01
-8.2000e-01
-8.0000e-01
-7.8000e-01
-7.6000e-01
-7.4000e-01
-7.2000e-01
-7.0000e-01
-6.8000e-01
-6.6000e-01
-6.4000e-01
-6.2000e-01
-6.0000e-01
-5.8000e-01
-5.6000e-01
-5.4000e-01
-5.2000e-01
-5.0000e-01
-4.8000e-01
-4.6000e-01
-4.4000e-01
-4.2000e-01
-4.0000e-01
-3.8000e-01
-3.6000e-01
-3.4000e-01
-3.2000e-01
-3.0000e-01
-2.8000e-01
-2.6000e-01
-2.4000e-01
-2.2000e-01
-2.0000e-01
-1.8000e-01
-1.6000e-01
-1.4000e-01
-1.2000e-01
-1.0000e-01
-8.0000e-02
-6.0000e-02
-4.0000e-02
-2.0000e-02
1.1102e-15
2.0000e-02
4.0000e-02
6.0000e-02
8.0000e-02
1.0000e-01
1.2000e-01
1.4000e-01
1.6000e-01
1.8000e-01
2.0000e-01
2.2000e-01
2.4000e-01
2.6000e-01
2.8000e-01
3.0000e-01
3.2000e-01
3.4000e-01
3.6000e-01
3.8000e-01
4.0000e-01
4.2000e-01
4.4000e-01
4.6000e-01
4.8000e-01
5.0000e-01
5.2000e-01
5.4000e-01
5.6000e-01
5.8000e-01
6.0000e-01
6.2000e-01
6.4000e-01
6.6000e-01
6.8000e-01
7.0000e-01
7.2000e-01
7.4000e-01
7.6000e-01
7.8000e-01
8.0000e-01
8.2000e-01
8.4000e-01
8.6000e-01
8.8000e-01
9.0000e-01
9.2000e-01
9.4000e-01
9.6000e-01
9.8000e-01
1.0000e+00
1.0200e+00
1.0400e+00
1.0600e+00
1.0800e+00
1.1000e+00
1.1200e+00
1.1400e+00
1.1600e+00
1.1800e+00
1.2000e+00
1.2200e+00
1.2400e+00
1.2600e+00
1.2800e+00
1.3000e+00
